iter       va_p@5       va_p@10       va_p@20       va_p@40       va_p@80       ploss
 1        0.635         0.58        0.513        0.417        0.311         1.09
 6         2.61         2.06         1.51         1.02        0.655        0.841
11         2.84         2.23         1.61         1.08        0.684        0.812
16         2.92         2.29         1.64          1.1        0.694        0.803
21         2.99         2.33         1.66         1.11          0.7        0.798
26         3.02         2.35         1.67         1.12        0.704        0.795
31         3.05         2.37         1.69         1.12        0.707        0.793
36         3.07         2.38         1.69         1.13        0.709        0.791
41         3.09         2.39          1.7         1.13         0.71        0.789
