iter       va_p@5       va_p@10       va_p@20       va_p@40       va_p@80       ploss
 1         0.76        0.581        0.465        0.362        0.268         1.69
 6         2.51         1.86         1.31        0.879        0.571         1.41
11          2.7         1.98         1.38        0.918        0.593         1.38
16         2.77         2.04         1.41        0.933        0.601         1.38
21         2.81         2.07         1.43        0.943        0.606         1.37
26         2.85         2.09         1.44        0.951         0.61         1.37
31         2.87         2.11         1.45        0.957        0.612         1.37
36          2.9         2.12         1.46        0.961        0.614         1.36
41         2.91         2.13         1.46        0.965        0.615         1.36
