First check if the text file has already been converted to binary format (8.1 seconds)
Binary file found. Skip converting text to binary
iter   tr_logloss      tr_time
   1      0.47440        344.9
   2      0.46902        716.2
   3      0.46738       1258.7
   4      0.46631       1633.3
   5      0.46551       1991.4
   6      0.46486       2344.0
   7      0.46428       2689.4
   8      0.46381       3017.2
   9      0.46340       3364.1
  10      0.46296       3709.4
  11      0.46264       4056.4
  12      0.46227       4403.7
  13      0.46197       4745.5
  14      0.46167       5083.5
  15      0.46141       5421.6
  16      0.46114       5761.2
  17      0.46085       6097.4
  18      0.46067       6435.9
  19      0.46040       6778.5
  20      0.46020       7115.3
