First check if the text file has already been converted to binary format (8.2 seconds)
Binary file found. Skip converting text to binary
iter   tr_logloss      tr_time
   1      0.46390        339.8
   2      0.45502        710.4
   3      0.44847       1279.3
   4      0.44137       1655.6
   5      0.43366       2008.8
   6      0.42584       2361.6
   7      0.41848       2696.9
   8      0.41180       3019.3
   9      0.40597       3381.0
  10      0.40083       3729.0
  11      0.39649       4071.0
  12      0.39259       4421.9
  13      0.38925       4765.9
  14      0.38625       5113.7
  15      0.38364       5475.6
  16      0.38127       5828.5
  17      0.37908       6169.5
  18      0.37721       6527.0
  19      0.37539       6883.8
  20      0.37379       7217.5
