First check if the text file has already been converted to binary format (8.2 seconds)
Binary file found. Skip converting text to binary
iter   tr_logloss      tr_time
   1      0.47457        344.0
   2      0.46921        714.2
   3      0.46757       1256.8
   4      0.46651       1627.4
   5      0.46572       1973.2
   6      0.46507       2317.6
   7      0.46449       2668.1
   8      0.46402       3005.5
   9      0.46361       3348.0
  10      0.46318       3691.7
  11      0.46286       4035.3
  12      0.46249       4377.0
  13      0.46219       4716.5
  14      0.46190       5053.9
  15      0.46163       5390.9
  16      0.46136       5725.8
  17      0.46108       6061.1
  18      0.46089       6400.5
  19      0.46063       6736.4
  20      0.46042       7076.1
