First check if the text file has already been converted to binary format (8.3 seconds)
Binary file found. Skip converting text to binary
iter   tr_logloss      tr_time
   1      0.46389        349.1
   2      0.45503        720.9
   3      0.44850       1264.7
   4      0.44141       1635.8
   5      0.43373       1989.8
   6      0.42593       2350.7
   7      0.41858       2696.5
   8      0.41191       3023.9
   9      0.40608       3362.4
  10      0.40094       3702.3
  11      0.39660       4049.4
  12      0.39270       4414.2
  13      0.38935       4764.7
  14      0.38636       5112.2
  15      0.38375       5468.6
  16      0.38138       5813.8
  17      0.37919       6166.0
  18      0.37732       6521.4
  19      0.37550       6878.0
  20      0.37390       7210.5
