First check if the text file has already been converted to binary format (7.8 seconds)
Binary file found. Skip converting text to binary
iter   tr_logloss      tr_time
   1      0.46391        305.9
   2      0.45517        620.8
   3      0.44878       1159.1
   4      0.44189       1539.9
   5      0.43443       1873.0
   6      0.42685       2215.8
   7      0.41965       2551.5
   8      0.41308       2864.3
   9      0.40730       3179.0
  10      0.40217       3508.3
  11      0.39784       3851.3
  12      0.39395       4185.3
  13      0.39061       4519.6
  14      0.38763       4847.0
  15      0.38504       5176.7
  16      0.38268       5509.9
  17      0.38052       5847.4
  18      0.37868       6180.8
  19      0.37689       6512.0
  20      0.37532       6849.9
