First check if the text file has already been converted to binary format (7.7 seconds)
Binary file found. Skip converting text to binary
iter   tr_logloss      tr_time
   1      0.46784        332.7
   2      0.46257        653.0
   3      0.46038       1217.6
   4      0.45877       1572.6
   5      0.45741       1920.9
   6      0.45618       2251.9
   7      0.45503       2589.0
   8      0.45394       2898.3
   9      0.45290       3229.2
  10      0.45179       3570.1
  11      0.45080       3902.6
  12      0.44969       4228.7
  13      0.44866       4557.9
  14      0.44758       4893.9
  15      0.44655       5218.0
  16      0.44546       5552.0
  17      0.44432       5886.8
  18      0.44332       6210.9
  19      0.44219       6532.7
  20      0.44112       6859.6
