First check if the text file has already been converted to binary format (8.4 seconds)
Binary file found. Skip converting text to binary
iter   tr_logloss      tr_time
   1      0.47595        349.1
   2      0.47054        737.8
   3      0.46890       1285.8
   4      0.46784       1664.8
   5      0.46704       2016.6
   6      0.46640       2376.5
   7      0.46583       2714.3
   8      0.46536       3051.2
   9      0.46494       3395.4
  10      0.46454       3745.7
  11      0.46420       4091.1
  12      0.46385       4423.9
  13      0.46354       4763.7
  14      0.46325       5115.1
  15      0.46298       5468.4
  16      0.46272       5810.7
  17      0.46244       6153.3
  18      0.46223       6493.2
  19      0.46198       6835.0
  20      0.46177       7158.7
