First check if the text file has already been converted to binary format (7.7 seconds)
Binary file found. Skip converting text to binary
iter   tr_logloss      tr_time
   1      0.47439        319.0
   2      0.46900        640.2
   3      0.46736       1183.8
   4      0.46629       1568.0
   5      0.46549       1904.0
   6      0.46484       2242.5
   7      0.46425       2569.8
   8      0.46378       2878.9
   9      0.46337       3209.2
  10      0.46294       3539.1
  11      0.46262       3858.9
  12      0.46225       4193.2
  13      0.46194       4519.5
  14      0.46165       4834.6
  15      0.46138       5158.6
  16      0.46112       5484.1
  17      0.46082       5808.6
  18      0.46064       6134.4
  19      0.46038       6460.9
  20      0.46017       6782.0
