First check if the text file has already been converted to binary format (8.0 seconds)
Binary file found. Skip converting text to binary
iter   tr_logloss      tr_time
   1      0.46784        345.8
   2      0.46259        720.7
   3      0.46039       1267.1
   4      0.45879       1642.9
   5      0.45743       1997.6
   6      0.45620       2341.7
   7      0.45505       2682.6
   8      0.45396       2992.2
   9      0.45293       3332.2
  10      0.45182       3668.6
  11      0.45083       4013.5
  12      0.44972       4358.0
  13      0.44869       4693.6
  14      0.44762       5028.1
  15      0.44658       5362.1
  16      0.44550       5700.4
  17      0.44436       6035.1
  18      0.44336       6375.8
  19      0.44223       6712.1
  20      0.44116       7050.9
