First check if the text file has already been converted to binary format (8.3 seconds)
Binary file found. Skip converting text to binary
iter   tr_logloss      tr_time
   1      0.46897        346.9
   2      0.46392        726.4
   3      0.46179       1272.4
   4      0.46024       1645.1
   5      0.45896       1990.7
   6      0.45782       2344.8
   7      0.45676       2691.1
   8      0.45578       3018.3
   9      0.45485       3364.6
  10      0.45388       3711.7
  11      0.45302       4057.3
  12      0.45207       4413.6
  13      0.45120       4758.3
  14      0.45030       5102.0
  15      0.44943       5441.1
  16      0.44854       5785.0
  17      0.44761       6127.1
  18      0.44679       6463.5
  19      0.44588       6798.0
  20      0.44502       7130.3
