First check if the text file has already been converted to binary format (7.9 seconds)
Binary file found. Skip converting text to binary
iter   tr_logloss      tr_time
   1      0.46468        343.4
   2      0.45698        712.0
   3      0.45181       1275.8
   4      0.44661       1645.0
   5      0.44113       1997.6
   6      0.43556       2353.0
   7      0.43012       2692.2
   8      0.42494       3012.4
   9      0.42021       3351.0
  10      0.41579       3702.0
  11      0.41193       4055.1
  12      0.40833       4408.4
  13      0.40519       4764.9
  14      0.40235       5116.6
  15      0.39983       5467.5
  16      0.39753       5824.7
  17      0.39538       6180.8
  18      0.39359       6530.9
  19      0.39180       6889.9
  20      0.39028       7223.6
