First check if the text file has already been converted to binary format (8.2 seconds)
Binary file found. Skip converting text to binary
iter   tr_logloss      tr_time
   1      0.46791        348.8
   2      0.46272        723.5
   3      0.46056       1252.6
   4      0.45897       1635.0
   5      0.45763       1989.6
   6      0.45642       2342.5
   7      0.45528       2684.1
   8      0.45420       3014.8
   9      0.45318       3372.6
  10      0.45208       3723.6
  11      0.45110       4055.6
  12      0.45001       4395.2
  13      0.44899       4734.6
  14      0.44793       5070.1
  15      0.44690       5404.7
  16      0.44583       5745.7
  17      0.44471       6086.1
  18      0.44371       6423.3
  19      0.44260       6762.7
  20      0.44154       7113.0
