iter       va_p@5       va_p@10       va_p@20       va_p@40       va_p@80       ploss
 1         0.61        0.556         0.48        0.375        0.271         1.35
 6         2.76         2.08         1.48        0.986        0.632         1.02
11         3.07         2.29          1.6         1.06        0.673        0.975
16          3.2         2.39         1.66         1.09        0.688        0.959
21          3.3         2.44         1.69         1.11        0.697        0.949
26         3.36         2.49         1.71         1.12        0.703        0.943
31          3.4         2.52         1.72         1.13        0.708         0.94
36         3.45         2.53         1.74         1.13        0.711        0.937
41         3.47         2.55         1.75         1.14        0.714        0.934
