iter       va_p@5       va_p@10       va_p@20       va_p@40       va_p@80       ploss
 1        0.504         0.48        0.434        0.361        0.279         1.13
 6         2.57         2.04          1.5         1.02        0.656         0.84
11         2.94         2.29         1.65          1.1        0.699        0.796
16          3.1         2.41         1.71         1.14        0.716         0.78
21         3.21         2.47         1.74         1.16        0.726        0.771
26         3.26         2.51         1.77         1.17        0.731        0.766
31         3.31         2.53         1.78         1.18        0.736        0.762
36         3.34         2.56          1.8         1.18        0.739        0.759
41         3.37         2.57         1.81         1.19        0.742        0.757
