iter       va_p@5       va_p@10       va_p@20       va_p@40       va_p@80       ploss
 1        0.707        0.539         0.43        0.335        0.254          1.7
 6         2.62         1.93         1.36        0.913        0.595         1.38
11         2.87         2.11         1.46        0.973        0.628         1.34
16            3         2.18          1.5        0.997        0.641         1.33
21         3.06         2.22         1.53         1.01        0.648         1.32
26         3.11         2.25         1.55         1.02        0.653         1.31
31         3.14         2.28         1.56         1.03        0.657         1.31
36         3.17         2.29         1.58         1.04         0.66         1.31
41         3.19         2.31         1.58         1.04        0.662         1.31
