iter       va_p@5       va_p@10       va_p@20       va_p@40       va_p@80       ploss
 1        0.673        0.555        0.449        0.353        0.259         1.55
 6          2.7         2.01         1.42        0.944        0.611         1.21
11         3.01         2.22         1.53         1.01        0.646         1.16
16         3.14          2.3         1.57         1.04        0.661         1.15
21         3.22         2.35          1.6         1.05        0.669         1.14
26         3.28         2.38         1.62         1.07        0.675         1.13
31         3.32         2.41         1.64         1.07        0.679         1.13
36         3.35         2.42         1.65         1.08        0.682         1.12
41         3.38         2.44         1.66         1.09        0.685         1.12
