iter       va_p@5       va_p@10       va_p@20       va_p@40       va_p@80       ploss
 1        0.727        0.674        0.554        0.425        0.299         1.31
 6         2.76         2.07         1.47         0.98        0.628         1.03
11         2.97         2.22         1.55         1.03        0.653            1
16         3.04         2.28         1.58         1.05        0.664        0.991
21          3.1         2.31         1.61         1.06         0.67        0.986
26         3.12         2.33         1.62         1.07        0.673        0.983
31         3.15         2.35         1.63         1.07        0.676         0.98
36         3.17         2.36         1.64         1.08        0.678        0.979
41         3.18         2.38         1.64         1.08        0.681        0.977
