iter       va_p@5       va_p@10       va_p@20       va_p@40       va_p@80       ploss
 1         0.79        0.626        0.506        0.384        0.279         1.52
 6         2.71            2         1.39        0.931        0.602         1.22
11          2.9         2.13         1.47        0.973        0.624         1.19
16         2.98         2.18          1.5        0.991        0.633         1.18
21         3.03         2.22         1.52            1        0.638         1.18
26         3.07         2.23         1.54         1.01        0.642         1.18
31         3.09         2.25         1.55         1.01        0.645         1.17
36         3.11         2.26         1.55         1.02        0.647         1.17
41         3.13         2.27         1.56         1.02        0.649         1.17
